----------------------
Graph's node number: 15
Graph's edge number: 19
Starting node: 1
Destin node: 13
---------------
Iteration: 1
Generated nodes: 1
Inspected nodes: 
Node: 0
Pushing child: 1
Pushing child: 2
---------------
Iteration: 2
Generated nodes: 1, 2, 3
Inspected nodes: 1
Node: 1
Pushing child: 2
Pushing child: 3
---------------
Iteration: 3
Generated nodes: 1, 2, 3, 3, 4
Inspected nodes: 1, 2
Node: 2
Pushing child: 1
Pushing child: 3
Pushing child: 10
---------------
Iteration: 4
Generated nodes: 1, 2, 3, 3, 4, 2, 4, 11
Inspected nodes: 1, 2, 3
Node: 2
Pushing child: 3
Pushing child: 10
---------------
Iteration: 5
Generated nodes: 1, 2, 3, 3, 4, 2, 4, 11, 4, 11
Inspected nodes: 1, 2, 3, 3
Node: 3
Pushing child: 2
Pushing child: 5
Pushing child: 11
---------------
Iteration: 6
Generated nodes: 1, 2, 3, 3, 4, 2, 4, 11, 4, 11, 3, 6, 12
Inspected nodes: 1, 2, 3, 3, 4
Node: 1
Pushing child: 3
---------------
Iteration: 7
Generated nodes: 1, 2, 3, 3, 4, 2, 4, 11, 4, 11, 3, 6, 12, 4
Inspected nodes: 1, 2, 3, 3, 4, 2
Node: 3
Pushing child: 1
Pushing child: 5
Pushing child: 11
---------------
Iteration: 8
Generated nodes: 1, 2, 3, 3, 4, 2, 4, 11, 4, 11, 3, 6, 12, 4, 2, 6, 12
Inspected nodes: 1, 2, 3, 3, 4, 2, 4
Node: 10
---------------
Iteration: 9
Generated nodes: 1, 2, 3, 3, 4, 2, 4, 11, 4, 11, 3, 6, 12, 4, 2, 6, 12
Inspected nodes: 1, 2, 3, 3, 4, 2, 4, 11
Node: 3
Pushing child: 5
Pushing child: 11
---------------
Iteration: 10
Generated nodes: 1, 2, 3, 3, 4, 2, 4, 11, 4, 11, 3, 6, 12, 4, 2, 6, 12, 6, 12
Inspected nodes: 1, 2, 3, 3, 4, 2, 4, 11, 4
Node: 10
---------------
Iteration: 11
Generated nodes: 1, 2, 3, 3, 4, 2, 4, 11, 4, 11, 3, 6, 12, 4, 2, 6, 12, 6, 12
Inspected nodes: 1, 2, 3, 3, 4, 2, 4, 11, 4, 11
Node: 2
Pushing child: 10
---------------
Iteration: 12
Generated nodes: 1, 2, 3, 3, 4, 2, 4, 11, 4, 11, 3, 6, 12, 4, 2, 6, 12, 6, 12, 11
Inspected nodes: 1, 2, 3, 3, 4, 2, 4, 11, 4, 11, 3
Node: 5
Pushing child: 4
Pushing child: 6
Pushing child: 8
Pushing child: 9
---------------
Iteration: 13
Generated nodes: 1, 2, 3, 3, 4, 2, 4, 11, 4, 11, 3, 6, 12, 4, 2, 6, 12, 6, 12, 11, 5, 7, 9, 10
Inspected nodes: 1, 2, 3, 3, 4, 2, 4, 11, 4, 11, 3, 6
Node: 11
Pushing child: 4
---------------
Iteration: 14
Generated nodes: 1, 2, 3, 3, 4, 2, 4, 11, 4, 11, 3, 6, 12, 4, 2, 6, 12, 6, 12, 11, 5, 7, 9, 10, 5
Inspected nodes: 1, 2, 3, 3, 4, 2, 4, 11, 4, 11, 3, 6, 12
Node: 3
Pushing child: 5
Pushing child: 11
---------------
Iteration: 15
Generated nodes: 1, 2, 3, 3, 4, 2, 4, 11, 4, 11, 3, 6, 12, 4, 2, 6, 12, 6, 12, 11, 5, 7, 9, 10, 5, 6, 12
Inspected nodes: 1, 2, 3, 3, 4, 2, 4, 11, 4, 11, 3, 6, 12, 4
Node: 1
---------------
Iteration: 16
Generated nodes: 1, 2, 3, 3, 4, 2, 4, 11, 4, 11, 3, 6, 12, 4, 2, 6, 12, 6, 12, 11, 5, 7, 9, 10, 5, 6, 12
Inspected nodes: 1, 2, 3, 3, 4, 2, 4, 11, 4, 11, 3, 6, 12, 4, 2
Node: 5
Pushing child: 4
Pushing child: 6
Pushing child: 8
Pushing child: 9
---------------
Iteration: 17
Generated nodes: 1, 2, 3, 3, 4, 2, 4, 11, 4, 11, 3, 6, 12, 4, 2, 6, 12, 6, 12, 11, 5, 7, 9, 10, 5, 6, 12, 5, 7, 9, 10
Inspected nodes: 1, 2, 3, 3, 4, 2, 4, 11, 4, 11, 3, 6, 12, 4, 2, 6
Node: 11
Pushing child: 4
---------------
Iteration: 18
Generated nodes: 1, 2, 3, 3, 4, 2, 4, 11, 4, 11, 3, 6, 12, 4, 2, 6, 12, 6, 12, 11, 5, 7, 9, 10, 5, 6, 12, 5, 7, 9, 10, 5
Inspected nodes: 1, 2, 3, 3, 4, 2, 4, 11, 4, 11, 3, 6, 12, 4, 2, 6, 12
Node: 5
Pushing child: 4
Pushing child: 6
Pushing child: 8
Pushing child: 9
---------------
Iteration: 19
Generated nodes: 1, 2, 3, 3, 4, 2, 4, 11, 4, 11, 3, 6, 12, 4, 2, 6, 12, 6, 12, 11, 5, 7, 9, 10, 5, 6, 12, 5, 7, 9, 10, 5, 5, 7, 9, 10
Inspected nodes: 1, 2, 3, 3, 4, 2, 4, 11, 4, 11, 3, 6, 12, 4, 2, 6, 12, 6
Node: 11
Pushing child: 4
---------------
Iteration: 20
Generated nodes: 1, 2, 3, 3, 4, 2, 4, 11, 4, 11, 3, 6, 12, 4, 2, 6, 12, 6, 12, 11, 5, 7, 9, 10, 5, 6, 12, 5, 7, 9, 10, 5, 5, 7, 9, 10, 5
Inspected nodes: 1, 2, 3, 3, 4, 2, 4, 11, 4, 11, 3, 6, 12, 4, 2, 6, 12, 6, 12
Node: 10
---------------
Iteration: 21
Generated nodes: 1, 2, 3, 3, 4, 2, 4, 11, 4, 11, 3, 6, 12, 4, 2, 6, 12, 6, 12, 11, 5, 7, 9, 10, 5, 6, 12, 5, 7, 9, 10, 5, 5, 7, 9, 10, 5
Inspected nodes: 1, 2, 3, 3, 4, 2, 4, 11, 4, 11, 3, 6, 12, 4, 2, 6, 12, 6, 12, 11
Node: 4
Pushing child: 11
Pushing child: 12
---------------
Iteration: 22
Generated nodes: 1, 2, 3, 3, 4, 2, 4, 11, 4, 11, 3, 6, 12, 4, 2, 6, 12, 6, 12, 11, 5, 7, 9, 10, 5, 6, 12, 5, 7, 9, 10, 5, 5, 7, 9, 10, 5, 12, 13
Inspected nodes: 1, 2, 3, 3, 4, 2, 4, 11, 4, 11, 3, 6, 12, 4, 2, 6, 12, 6, 12, 11, 5
Node: 6
Pushing child: 7
Pushing child: 14
---------------
Iteration: 23
Generated nodes: 1, 2, 3, 3, 4, 2, 4, 11, 4, 11, 3, 6, 12, 4, 2, 6, 12, 6, 12, 11, 5, 7, 9, 10, 5, 6, 12, 5, 7, 9, 10, 5, 5, 7, 9, 10, 5, 12, 13, 8, 15
Inspected nodes: 1, 2, 3, 3, 4, 2, 4, 11, 4, 11, 3, 6, 12, 4, 2, 6, 12, 6, 12, 11, 5, 7
Node: 8
Pushing child: 14
---------------
Iteration: 24
Generated nodes: 1, 2, 3, 3, 4, 2, 4, 11, 4, 11, 3, 6, 12, 4, 2, 6, 12, 6, 12, 11, 5, 7, 9, 10, 5, 6, 12, 5, 7, 9, 10, 5, 5, 7, 9, 10, 5, 12, 13, 8, 15, 15
Inspected nodes: 1, 2, 3, 3, 4, 2, 4, 11, 4, 11, 3, 6, 12, 4, 2, 6, 12, 6, 12, 11, 5, 7, 9
Node: 9
---------------
Iteration: 25
Generated nodes: 1, 2, 3, 3, 4, 2, 4, 11, 4, 11, 3, 6, 12, 4, 2, 6, 12, 6, 12, 11, 5, 7, 9, 10, 5, 6, 12, 5, 7, 9, 10, 5, 5, 7, 9, 10, 5, 12, 13, 8, 15, 15
Inspected nodes: 1, 2, 3, 3, 4, 2, 4, 11, 4, 11, 3, 6, 12, 4, 2, 6, 12, 6, 12, 11, 5, 7, 9, 10
Node: 4
Pushing child: 5
Pushing child: 12
---------------
Iteration: 26
Generated nodes: 1, 2, 3, 3, 4, 2, 4, 11, 4, 11, 3, 6, 12, 4, 2, 6, 12, 6, 12, 11, 5, 7, 9, 10, 5, 6, 12, 5, 7, 9, 10, 5, 5, 7, 9, 10, 5, 12, 13, 8, 15, 15, 6, 13
Inspected nodes: 1, 2, 3, 3, 4, 2, 4, 11, 4, 11, 3, 6, 12, 4, 2, 6, 12, 6, 12, 11, 5, 7, 9, 10, 5
Node: 5
Pushing child: 4
Pushing child: 6
Pushing child: 8
Pushing child: 9
---------------
Iteration: 27
Generated nodes: 1, 2, 3, 3, 4, 2, 4, 11, 4, 11, 3, 6, 12, 4, 2, 6, 12, 6, 12, 11, 5, 7, 9, 10, 5, 6, 12, 5, 7, 9, 10, 5, 5, 7, 9, 10, 5, 12, 13, 8, 15, 15, 6, 13, 5, 7, 9, 10
Inspected nodes: 1, 2, 3, 3, 4, 2, 4, 11, 4, 11, 3, 6, 12, 4, 2, 6, 12, 6, 12, 11, 5, 7, 9, 10, 5, 6
Node: 11
Pushing child: 4
---------------
Iteration: 28
Generated nodes: 1, 2, 3, 3, 4, 2, 4, 11, 4, 11, 3, 6, 12, 4, 2, 6, 12, 6, 12, 11, 5, 7, 9, 10, 5, 6, 12, 5, 7, 9, 10, 5, 5, 7, 9, 10, 5, 12, 13, 8, 15, 15, 6, 13, 5, 7, 9, 10, 5
Inspected nodes: 1, 2, 3, 3, 4, 2, 4, 11, 4, 11, 3, 6, 12, 4, 2, 6, 12, 6, 12, 11, 5, 7, 9, 10, 5, 6, 12
Node: 4
Pushing child: 11
Pushing child: 12
---------------
Iteration: 29
Generated nodes: 1, 2, 3, 3, 4, 2, 4, 11, 4, 11, 3, 6, 12, 4, 2, 6, 12, 6, 12, 11, 5, 7, 9, 10, 5, 6, 12, 5, 7, 9, 10, 5, 5, 7, 9, 10, 5, 12, 13, 8, 15, 15, 6, 13, 5, 7, 9, 10, 5, 12, 13
Inspected nodes: 1, 2, 3, 3, 4, 2, 4, 11, 4, 11, 3, 6, 12, 4, 2, 6, 12, 6, 12, 11, 5, 7, 9, 10, 5, 6, 12, 5
Node: 6
Pushing child: 7
Pushing child: 14
---------------
Iteration: 30
Generated nodes: 1, 2, 3, 3, 4, 2, 4, 11, 4, 11, 3, 6, 12, 4, 2, 6, 12, 6, 12, 11, 5, 7, 9, 10, 5, 6, 12, 5, 7, 9, 10, 5, 5, 7, 9, 10, 5, 12, 13, 8, 15, 15, 6, 13, 5, 7, 9, 10, 5, 12, 13, 8, 15
Inspected nodes: 1, 2, 3, 3, 4, 2, 4, 11, 4, 11, 3, 6, 12, 4, 2, 6, 12, 6, 12, 11, 5, 7, 9, 10, 5, 6, 12, 5, 7
Node: 8
Pushing child: 14
---------------
Iteration: 31
Generated nodes: 1, 2, 3, 3, 4, 2, 4, 11, 4, 11, 3, 6, 12, 4, 2, 6, 12, 6, 12, 11, 5, 7, 9, 10, 5, 6, 12, 5, 7, 9, 10, 5, 5, 7, 9, 10, 5, 12, 13, 8, 15, 15, 6, 13, 5, 7, 9, 10, 5, 12, 13, 8, 15, 15
Inspected nodes: 1, 2, 3, 3, 4, 2, 4, 11, 4, 11, 3, 6, 12, 4, 2, 6, 12, 6, 12, 11, 5, 7, 9, 10, 5, 6, 12, 5, 7, 9
Node: 9
---------------
Iteration: 32
Generated nodes: 1, 2, 3, 3, 4, 2, 4, 11, 4, 11, 3, 6, 12, 4, 2, 6, 12, 6, 12, 11, 5, 7, 9, 10, 5, 6, 12, 5, 7, 9, 10, 5, 5, 7, 9, 10, 5, 12, 13, 8, 15, 15, 6, 13, 5, 7, 9, 10, 5, 12, 13, 8, 15, 15
Inspected nodes: 1, 2, 3, 3, 4, 2, 4, 11, 4, 11, 3, 6, 12, 4, 2, 6, 12, 6, 12, 11, 5, 7, 9, 10, 5, 6, 12, 5, 7, 9, 10
Node: 4
Pushing child: 5
Pushing child: 12
---------------
Iteration: 33
Generated nodes: 1, 2, 3, 3, 4, 2, 4, 11, 4, 11, 3, 6, 12, 4, 2, 6, 12, 6, 12, 11, 5, 7, 9, 10, 5, 6, 12, 5, 7, 9, 10, 5, 5, 7, 9, 10, 5, 12, 13, 8, 15, 15, 6, 13, 5, 7, 9, 10, 5, 12, 13, 8, 15, 15, 6, 13
Inspected nodes: 1, 2, 3, 3, 4, 2, 4, 11, 4, 11, 3, 6, 12, 4, 2, 6, 12, 6, 12, 11, 5, 7, 9, 10, 5, 6, 12, 5, 7, 9, 10, 5
Node: 4
Pushing child: 11
Pushing child: 12
---------------
Iteration: 34
Generated nodes: 1, 2, 3, 3, 4, 2, 4, 11, 4, 11, 3, 6, 12, 4, 2, 6, 12, 6, 12, 11, 5, 7, 9, 10, 5, 6, 12, 5, 7, 9, 10, 5, 5, 7, 9, 10, 5, 12, 13, 8, 15, 15, 6, 13, 5, 7, 9, 10, 5, 12, 13, 8, 15, 15, 6, 13, 12, 13
Inspected nodes: 1, 2, 3, 3, 4, 2, 4, 11, 4, 11, 3, 6, 12, 4, 2, 6, 12, 6, 12, 11, 5, 7, 9, 10, 5, 6, 12, 5, 7, 9, 10, 5, 5
Node: 6
Pushing child: 7
Pushing child: 14
---------------
Iteration: 35
Generated nodes: 1, 2, 3, 3, 4, 2, 4, 11, 4, 11, 3, 6, 12, 4, 2, 6, 12, 6, 12, 11, 5, 7, 9, 10, 5, 6, 12, 5, 7, 9, 10, 5, 5, 7, 9, 10, 5, 12, 13, 8, 15, 15, 6, 13, 5, 7, 9, 10, 5, 12, 13, 8, 15, 15, 6, 13, 12, 13, 8, 15
Inspected nodes: 1, 2, 3, 3, 4, 2, 4, 11, 4, 11, 3, 6, 12, 4, 2, 6, 12, 6, 12, 11, 5, 7, 9, 10, 5, 6, 12, 5, 7, 9, 10, 5, 5, 7
Node: 8
Pushing child: 14
---------------
Iteration: 36
Generated nodes: 1, 2, 3, 3, 4, 2, 4, 11, 4, 11, 3, 6, 12, 4, 2, 6, 12, 6, 12, 11, 5, 7, 9, 10, 5, 6, 12, 5, 7, 9, 10, 5, 5, 7, 9, 10, 5, 12, 13, 8, 15, 15, 6, 13, 5, 7, 9, 10, 5, 12, 13, 8, 15, 15, 6, 13, 12, 13, 8, 15, 15
Inspected nodes: 1, 2, 3, 3, 4, 2, 4, 11, 4, 11, 3, 6, 12, 4, 2, 6, 12, 6, 12, 11, 5, 7, 9, 10, 5, 6, 12, 5, 7, 9, 10, 5, 5, 7, 9
Node: 9
---------------
Iteration: 37
Generated nodes: 1, 2, 3, 3, 4, 2, 4, 11, 4, 11, 3, 6, 12, 4, 2, 6, 12, 6, 12, 11, 5, 7, 9, 10, 5, 6, 12, 5, 7, 9, 10, 5, 5, 7, 9, 10, 5, 12, 13, 8, 15, 15, 6, 13, 5, 7, 9, 10, 5, 12, 13, 8, 15, 15, 6, 13, 12, 13, 8, 15, 15
Inspected nodes: 1, 2, 3, 3, 4, 2, 4, 11, 4, 11, 3, 6, 12, 4, 2, 6, 12, 6, 12, 11, 5, 7, 9, 10, 5, 6, 12, 5, 7, 9, 10, 5, 5, 7, 9, 10
Node: 4
Pushing child: 5
Pushing child: 12
---------------
Iteration: 38
Generated nodes: 1, 2, 3, 3, 4, 2, 4, 11, 4, 11, 3, 6, 12, 4, 2, 6, 12, 6, 12, 11, 5, 7, 9, 10, 5, 6, 12, 5, 7, 9, 10, 5, 5, 7, 9, 10, 5, 12, 13, 8, 15, 15, 6, 13, 5, 7, 9, 10, 5, 12, 13, 8, 15, 15, 6, 13, 12, 13, 8, 15, 15, 6, 13
Inspected nodes: 1, 2, 3, 3, 4, 2, 4, 11, 4, 11, 3, 6, 12, 4, 2, 6, 12, 6, 12, 11, 5, 7, 9, 10, 5, 6, 12, 5, 7, 9, 10, 5, 5, 7, 9, 10, 5
Node: 11
---------------
Iteration: 39
Generated nodes: 1, 2, 3, 3, 4, 2, 4, 11, 4, 11, 3, 6, 12, 4, 2, 6, 12, 6, 12, 11, 5, 7, 9, 10, 5, 6, 12, 5, 7, 9, 10, 5, 5, 7, 9, 10, 5, 12, 13, 8, 15, 15, 6, 13, 5, 7, 9, 10, 5, 12, 13, 8, 15, 15, 6, 13, 12, 13, 8, 15, 15, 6, 13
Inspected nodes: 1, 2, 3, 3, 4, 2, 4, 11, 4, 11, 3, 6, 12, 4, 2, 6, 12, 6, 12, 11, 5, 7, 9, 10, 5, 6, 12, 5, 7, 9, 10, 5, 5, 7, 9, 10, 5, 12
Node: 12
---------------
Iteration: 40
Generated nodes: 1, 2, 3, 3, 4, 2, 4, 11, 4, 11, 3, 6, 12, 4, 2, 6, 12, 6, 12, 11, 5, 7, 9, 10, 5, 6, 12, 5, 7, 9, 10, 5, 5, 7, 9, 10, 5, 12, 13, 8, 15, 15, 6, 13, 5, 7, 9, 10, 5, 12, 13, 8, 15, 15, 6, 13, 12, 13, 8, 15, 15, 6, 13
Inspected nodes: 1, 2, 3, 3, 4, 2, 4, 11, 4, 11, 3, 6, 12, 4, 2, 6, 12, 6, 12, 11, 5, 7, 9, 10, 5, 6, 12, 5, 7, 9, 10, 5, 5, 7, 9, 10, 5, 12, 13
--------------
Path: 1, 2, 4, 6, 5, 13

--------------
Cost: 36

